Mean: -0.008374011115885087
Standard Deviation: 2.2112447838091525
RMS: 2.2112606399937014